{
    "fl_x": 921.77,
    "fl_y": 921.06,
    "c_x": 641.26,
    "c_y": 358.95,
    "w": 1280,
    "h": 720,
    "k1": 0.0,
    "k2": 0.0,
    "p1": 0.0,
    "p2": 0.0,
    "camera_angle_x": 1.2138025066799816,
    "camera_angle_y": 0.7451942569730838,
    "aabb_scale": 2,
    "scale": 1,
    "frames": [
        {
            "file_path": "/home/varun/PycharmProjects/dataset_board/realsense_capture/color/000000.png",
            "transform_matrix": [
                [
                    -0.498314461977124,
                    -0.7393684011761977,
                    0.45278810091101357,
                    0.7457997139663217
                ],
                [
                    0.842713762591273,
                    -0.5353704237949868,
                    0.052094004777826095,
                    0.07546229629206495
                ],
                [
                    0.2041836683169987,
                    0.40831625229946883,
                    0.8902174644098154,
                    0.5077107990561621
                ],
                [
                    0.0,
                    0.0,
                    0.0,
                    1.0
                ]
            ],
            "sharpness": 360.23822263929577
        },
        {
            "file_path": "/home/varun/PycharmProjects/dataset_board/realsense_capture/color/000001.png",
            "transform_matrix": [
                [
                    -0.5013915753973455,
                    -0.7475699751399382,
                    0.4338538427595272,
                    0.7313840012825741
                ],
                [
                    0.8395657219292062,
                    -0.5419048313828799,
                    0.0358599994521179,
                    0.07591161446821355
                ],
                [
                    0.2091908996523534,
                    0.37928179999068456,
                    0.9007032931209968,
                    0.4991703900329528
                ],
                [
                    0.0,
                    0.0,
                    0.0,
                    1.0
                ]
            ],
            "sharpness": 259.93731077123095
        },
        {
            "file_path": "/home/varun/PycharmProjects/dataset_board/realsense_capture/color/000004.png",
            "transform_matrix": [
                [
                    -0.5204646627055076,
                    -0.6709180126542513,
                    0.5312703650740978,
                    0.7084993809006943
                ],
                [
                    0.851433663740857,
                    -0.45458387645414,
                    0.2615582364193453,
                    0.07924763536083394
                ],
                [
                    0.06686778205952068,
                    0.5864002257989513,
                    0.8071827980212238,
                    0.5305108793971856
                ],
                [
                    0.0,
                    0.0,
                    0.0,
                    1.0
                ]
            ],
            "sharpness": 628.5707257183392
        },
        {
            "file_path": "/home/varun/PycharmProjects/dataset_board/realsense_capture/color/000005.png",
            "transform_matrix": [
                [
                    -0.5191150499546777,
                    -0.6628213591830814,
                    0.5396178376603622,
                    0.7279632782710085
                ],
                [
                    0.8512858285712372,
                    -0.4573733537135867,
                    0.2571420879330504,
                    0.08589724134887497
                ],
                [
                    0.07636755190743363,
                    0.5928553458673363,
                    0.8016798213078502,
                    0.5328089593853628
                ],
                [
                    0.0,
                    0.0,
                    0.0,
                    1.0
                ]
            ],
            "sharpness": 681.9835242968478
        },
        {
            "file_path": "/home/varun/PycharmProjects/dataset_board/realsense_capture/color/000006.png",
            "transform_matrix": [
                [
                    -0.5238034969079299,
                    -0.6637107433945142,
                    0.5311110489505193,
                    0.7197465885211382
                ],
                [
                    0.8496135481245111,
                    -0.4545202855105399,
                    0.268534801803893,
                    0.08337397217075973
                ],
                [
                    0.06435381774373615,
                    0.5921641079459923,
                    0.8032395420851799,
                    0.5275375601720648
                ],
                [
                    0.0,
                    0.0,
                    0.0,
                    1.0
                ]
            ],
            "sharpness": 658.5653654181853
        },
        {
            "file_path": "/home/varun/PycharmProjects/dataset_board/realsense_capture/color/000007.png",
            "transform_matrix": [
                [
                    -0.5252565878161399,
                    -0.6652163031571569,
                    0.5297997475384676,
                    0.7231928494705232
                ],
                [
                    0.8486047358221129,
                    -0.45727332498483214,
                    0.2671680138519012,
                    0.07968644034578685
                ],
                [
                    0.06396691406933867,
                    0.589874210520121,
                    0.8048989282165016,
                    0.5282619732304716
                ],
                [
                    0.0,
                    0.0,
                    0.0,
                    1.0
                ]
            ],
            "sharpness": 659.1914586092619
        },
        {
            "file_path": "/home/varun/PycharmProjects/dataset_board/realsense_capture/color/000008.png",
            "transform_matrix": [
                [
                    -0.5273236172908121,
                    -0.6556768462184626,
                    0.5356442850210104,
                    0.7296632883106554
                ],
                [
                    0.84592889922576,
                    -0.464714136773787,
                    0.26311239381974216,
                    0.07444329197656001
                ],
                [
                    0.07237285453750537,
                    0.5950870897739284,
                    0.7999247452041262,
                    0.5203478324876664
                ],
                [
                    0.0,
                    0.0,
                    0.0,
                    1.0
                ]
            ],
            "sharpness": 667.6562983011778
        },
        {
            "file_path": "/home/varun/PycharmProjects/dataset_board/realsense_capture/color/000009.png",
            "transform_matrix": [
                [
                    -0.5331569263774968,
                    -0.6591025577736744,
                    0.5304031581654663,
                    0.7353675721255187
                ],
                [
                    0.8434014079359075,
                    -0.46333546756845645,
                    0.27201895078256905,
                    0.0743955067174797
                ],
                [
                    0.06646620906467955,
                    0.5923715580860721,
                    0.8029185389709528,
                    0.5228710315189046
                ],
                [
                    0.0,
                    0.0,
                    0.0,
                    1.0
                ]
            ],
            "sharpness": 556.4377698117468
        },
        {
            "file_path": "/home/varun/PycharmProjects/dataset_board/realsense_capture/color/000010.png",
            "transform_matrix": [
                [
                    -0.5125102076864284,
                    -0.6545300546179655,
                    0.5499629177988289,
                    0.7442241913161651
                ],
                [
                    0.8566423893936133,
                    -0.4374223329179744,
                    0.2713731655848374,
                    0.05458587545215643
                ],
                [
                    0.05746943457642735,
                    0.6167675612148218,
                    0.7845166343924344,
                    0.5111661175090203
                ],
                [
                    0.0,
                    0.0,
                    0.0,
                    1.0
                ]
            ],
            "sharpness": 430.27856421364544
        },
        {
            "file_path": "/home/varun/PycharmProjects/dataset_board/realsense_capture/color/000011.png",
            "transform_matrix": [
                [
                    -0.5066011038204972,
                    -0.6465924399367625,
                    0.5703275709839722,
                    0.7518470190297732
                ],
                [
                    0.862044679295997,
                    -0.39160945349158544,
                    0.32174680547518014,
                    0.04481932713078406
                ],
                [
                    0.015306616390161145,
                    0.6546451348269885,
                    0.7557813539258815,
                    0.4944741542612975
                ],
                [
                    0.0,
                    0.0,
                    0.0,
                    1.0
                ]
            ],
            "sharpness": 360.31780055796173
        },
        {
            "file_path": "/home/varun/PycharmProjects/dataset_board/realsense_capture/color/000012.png",
            "transform_matrix": [
                [
                    -0.4972941463375059,
                    -0.6669918405932195,
                    0.5548156600173797,
                    0.7453215650838512
                ],
                [
                    0.8673628103323746,
                    -0.3678459705333001,
                    0.3352179846230498,
                    0.01883370969588022
                ],
                [
                    -0.019500955637510933,
                    0.6479284115891846,
                    0.7614515652257471,
                    0.513558284484757
                ],
                [
                    0.0,
                    0.0,
                    0.0,
                    1.0
                ]
            ],
            "sharpness": 359.1932280421682
        },
        {
            "file_path": "/home/varun/PycharmProjects/dataset_board/realsense_capture/color/000013.png",
            "transform_matrix": [
                [
                    -0.4307372883663522,
                    -0.7196673020307148,
                    0.5445586891021301,
                    0.722022484443923
                ],
                [
                    0.900122952260825,
                    -0.28953398018755044,
                    0.3317150966236336,
                    -0.004262030258952788
                ],
                [
                    -0.07677699972077955,
                    0.6310749910717177,
                    0.7693798485538511,
                    0.5570873074289631
                ],
                [
                    0.0,
                    0.0,
                    0.0,
                    1.0
                ]
            ],
            "sharpness": 493.38243739940384
        },
        {
            "file_path": "/home/varun/PycharmProjects/dataset_board/realsense_capture/color/000014.png",
            "transform_matrix": [
                [
                    -0.407675271193622,
                    -0.7238844447182345,
                    0.5568092094825515,
                    0.7162306528079578
                ],
                [
                    0.9085620019506888,
                    -0.2582757510324293,
                    0.3247854647207505,
                    -0.007567583819293396
                ],
                [
                    -0.09640270058270449,
                    0.6392674119756361,
                    0.7637412329528813,
                    0.5373421706143422
                ],
                [
                    0.0,
                    0.0,
                    0.0,
                    1.0
                ]
            ],
            "sharpness": 810.0698741114303
        },
        {
            "file_path": "/home/varun/PycharmProjects/dataset_board/realsense_capture/color/000015.png",
            "transform_matrix": [
                [
                    -0.34268166439116593,
                    -0.7419073015429831,
                    0.5763183432854706,
                    0.7251536508051708
                ],
                [
                    0.9354063885091667,
                    -0.21259064954838813,
                    0.2825245193975787,
                    -0.03634165316167938
                ],
                [
                    -0.08708711286027683,
                    0.6341441656363662,
                    0.7680962910355651,
                    0.5362172871987368
                ],
                [
                    0.0,
                    0.0,
                    0.0,
                    1.0
                ]
            ],
            "sharpness": 835.8552246083844
        },
        {
            "file_path": "/home/varun/PycharmProjects/dataset_board/realsense_capture/color/000016.png",
            "transform_matrix": [
                [
                    -0.24231075139344183,
                    -0.7577864320941552,
                    0.6058425728629145,
                    0.7318966549960254
                ],
                [
                    0.9672677288642282,
                    -0.13716521145206603,
                    0.2091321434973986,
                    -0.1062487578790899
                ],
                [
                    -0.07753157881430034,
                    0.6379227446182808,
                    0.7659401803745599,
                    0.5348316664863696
                ],
                [
                    0.0,
                    0.0,
                    0.0,
                    1.0
                ]
            ],
            "sharpness": 765.2509607372092
        },
        {
            "file_path": "/home/varun/PycharmProjects/dataset_board/realsense_capture/color/000017.png",
            "transform_matrix": [
                [
                    -0.17673030549495305,
                    -0.7625428250292017,
                    0.6219802187729959,
                    0.7418961929836116
                ],
                [
                    0.9823191741848373,
                    -0.09543159232726196,
                    0.16067297017192403,
                    -0.14778305711176346
                ],
                [
                    -0.06427830223805395,
                    0.6399307361201655,
                    0.7655601521147737,
                    0.5359096077304121
                ],
                [
                    0.0,
                    0.0,
                    0.0,
                    1.0
                ]
            ],
            "sharpness": 778.5769183790371
        },
        {
            "file_path": "/home/varun/PycharmProjects/dataset_board/realsense_capture/color/000018.png",
            "transform_matrix": [
                [
                    -0.14477549546469026,
                    -0.7630895672634991,
                    0.629868532510205,
                    0.7407604608211534
                ],
                [
                    0.9881450320133321,
                    -0.07780618290269098,
                    0.12892120959520698,
                    -0.17343866505553712
                ],
                [
                    -0.0512916793960333,
                    0.6420632878079819,
                    0.7652474849806877,
                    0.5415536822226883
                ],
                [
                    0.0,
                    0.0,
                    0.0,
                    1.0
                ]
            ],
            "sharpness": 869.4148974874944
        },
        {
            "file_path": "/home/varun/PycharmProjects/dataset_board/realsense_capture/color/000019.png",
            "transform_matrix": [
                [
                    -0.13971823118619103,
                    -0.7579085379828648,
                    0.637732412815931,
                    0.7306511071808652
                ],
                [
                    0.9895182448640685,
                    -0.08366817417385274,
                    0.1184072243618777,
                    -0.18293863244255873
                ],
                [
                    -0.03709619625907183,
                    0.6469704103962828,
                    0.761803078663763,
                    0.531643592890029
                ],
                [
                    0.0,
                    0.0,
                    0.0,
                    1.0
                ]
            ],
            "sharpness": 838.5462486581582
        },
        {
            "file_path": "/home/varun/PycharmProjects/dataset_board/realsense_capture/color/000020.png",
            "transform_matrix": [
                [
                    -0.13350735685052997,
                    -0.7697521950036499,
                    0.6242174459538223,
                    0.7161420712192099
                ],
                [
                    0.9904689536920304,
                    -0.08227917570886562,
                    0.110384668996897,
                    -0.19845525427020086
                ],
                [
                    -0.033611579873815814,
                    0.6330170974003961,
                    0.7734013256211998,
                    0.5236158722467834
                ],
                [
                    0.0,
                    0.0,
                    0.0,
                    1.0
                ]
            ],
            "sharpness": 709.6732930747975
        },
        {
            "file_path": "/home/varun/PycharmProjects/dataset_board/realsense_capture/color/000021.png",
            "transform_matrix": [
                [
                    -0.09014524597115338,
                    -0.7594163799203564,
                    0.6443329376927537,
                    0.7157284710859436
                ],
                [
                    0.9952466103393465,
                    -0.06410483159246587,
                    0.07028917153801985,
                    -0.23498130352480456
                ],
                [
                    -0.013052048796936838,
                    0.6485050069524512,
                    0.7607882247475821,
                    0.5170205238185853
                ],
                [
                    0.0,
                    0.0,
                    0.0,
                    1.0
                ]
            ],
            "sharpness": 411.81810974007595
        },
        {
            "file_path": "/home/varun/PycharmProjects/dataset_board/realsense_capture/color/000022.png",
            "transform_matrix": [
                [
                    -0.03856661181042378,
                    -0.771075150071461,
                    0.6351593760101836,
                    0.7189563021528339
                ],
                [
                    0.9988317219750902,
                    -0.0231810711908598,
                    0.03421282556508807,
                    -0.25183262496700165
                ],
                [
                    -0.019208029641272783,
                    0.6355476901111464,
                    0.7715541983422,
                    0.5275176994420916
                ],
                [
                    0.0,
                    0.0,
                    0.0,
                    1.0
                ]
            ],
            "sharpness": 707.2129275112575
        },
        {
            "file_path": "/home/varun/PycharmProjects/dataset_board/realsense_capture/color/000023.png",
            "transform_matrix": [
                [
                    -0.0091694753565167,
                    -0.7734150392062853,
                    0.6338178692222926,
                    0.7266654918957254
                ],
                [
                    0.9994201092341657,
                    0.013597316667651484,
                    0.031063040128590742,
                    -0.2720644516297439
                ],
                [
                    -0.03265189520126419,
                    0.6337422012321654,
                    0.7728427899113126,
                    0.5234136633435769
                ],
                [
                    0.0,
                    0.0,
                    0.0,
                    1.0
                ]
            ],
            "sharpness": 756.2836616134634
        },
        {
            "file_path": "/home/varun/PycharmProjects/dataset_board/realsense_capture/color/000024.png",
            "transform_matrix": [
                [
                    0.008625486323405977,
                    -0.7761507382844104,
                    0.6304616292397465,
                    0.7301353315405956
                ],
                [
                    0.9997505966308864,
                    0.01842367557589205,
                    0.010903838750319757,
                    -0.2999570877658207
                ],
                [
                    -0.021564504947706988,
                    0.6301987704185377,
                    0.7761320480644549,
                    0.5257398503456552
                ],
                [
                    0.0,
                    0.0,
                    0.0,
                    1.0
                ]
            ],
            "sharpness": 834.4032735435475
        },
        {
            "file_path": "/home/varun/PycharmProjects/dataset_board/realsense_capture/color/000025.png",
            "transform_matrix": [
                [
                    0.019507610791600787,
                    -0.77386143607435,
                    0.6332520792428497,
                    0.7330954983631636
                ],
                [
                    0.9996271653114319,
                    0.027261871679779903,
                    0.001523392249734302,
                    -0.32569128446658974
                ],
                [
                    -0.018516125280499545,
                    0.633244306551301,
                    0.7739374327182016,
                    0.5226282930129313
                ],
                [
                    0.0,
                    0.0,
                    0.0,
                    1.0
                ]
            ],
            "sharpness": 833.2279930705494
        },
        {
            "file_path": "/home/varun/PycharmProjects/dataset_board/realsense_capture/color/000026.png",
            "transform_matrix": [
                [
                    0.005568433365499106,
                    -0.7770029784808783,
                    0.6294345897608953,
                    0.7303290113330729
                ],
                [
                    0.9998340926965046,
                    0.016621302730694842,
                    0.007589353244627642,
                    -0.32381747640852837
                ],
                [
                    -0.015652696678477653,
                    0.6292907640963901,
                    0.7770315906221046,
                    0.5289517044702907
                ],
                [
                    0.0,
                    0.0,
                    0.0,
                    1.0
                ]
            ],
            "sharpness": 830.2859515948247
        },
        {
            "file_path": "/home/varun/PycharmProjects/dataset_board/realsense_capture/color/000027.png",
            "transform_matrix": [
                [
                    0.0052301576200232645,
                    -0.7717107443424376,
                    0.6359667306668801,
                    0.7367455752765252
                ],
                [
                    0.9999609227187308,
                    0.00801921640789002,
                    0.0009084623877605319,
                    -0.3221675151192326
                ],
                [
                    -0.005548960955913611,
                    0.6359412793612883,
                    0.7717097610480457,
                    0.529486450362035
                ],
                [
                    0.0,
                    0.0,
                    0.0,
                    1.0
                ]
            ],
            "sharpness": 800.1463063871405
        },
        {
            "file_path": "/home/varun/PycharmProjects/dataset_board/realsense_capture/color/000028.png",
            "transform_matrix": [
                [
                    0.02253103755161086,
                    -0.7781542607574787,
                    0.6276475597036397,
                    0.7387818532601191
                ],
                [
                    0.9996980752758544,
                    0.023303035848523414,
                    -0.007006375126138919,
                    -0.33159340352084954
                ],
                [
                    -0.00916153074827081,
                    0.6276256685814705,
                    0.7784483796139257,
                    0.5410851757352179
                ],
                [
                    0.0,
                    0.0,
                    0.0,
                    1.0
                ]
            ],
            "sharpness": 795.0228655645477
        },
        {
            "file_path": "/home/varun/PycharmProjects/dataset_board/realsense_capture/color/000029.png",
            "transform_matrix": [
                [
                    0.0711616679403162,
                    -0.758814105350484,
                    0.6468191647982985,
                    0.735483340876915
                ],
                [
                    0.9974425981024411,
                    0.05859065399267032,
                    -0.04093163514157275,
                    -0.3575720790279415
                ],
                [
                    -0.006654359969505694,
                    0.6487653527720068,
                    0.7609511153692684,
                    0.5264057447831566
                ],
                [
                    0.0,
                    0.0,
                    0.0,
                    1.0
                ]
            ],
            "sharpness": 846.1596397542318
        },
        {
            "file_path": "/home/varun/PycharmProjects/dataset_board/realsense_capture/color/000030.png",
            "transform_matrix": [
                [
                    0.13935913683412657,
                    -0.7538667881320669,
                    0.642054715491769,
                    0.7399135120788617
                ],
                [
                    0.9902055477187641,
                    0.11073994278959096,
                    -0.08491664831269818,
                    -0.39181326411007555
                ],
                [
                    -0.007098658598362038,
                    0.6476000624321643,
                    0.7619322991387274,
                    0.5302487093665637
                ],
                [
                    0.0,
                    0.0,
                    0.0,
                    1.0
                ]
            ],
            "sharpness": 890.316090848777
        },
        {
            "file_path": "/home/varun/PycharmProjects/dataset_board/realsense_capture/color/000031.png",
            "transform_matrix": [
                [
                    0.1863931326185128,
                    -0.7483315554148504,
                    0.6365819280597489,
                    0.7422512699842124
                ],
                [
                    0.9824671435509901,
                    0.1406343683984087,
                    -0.1223607423145344,
                    -0.425002798441112
                ],
                [
                    0.0020339613193139537,
                    0.6482263116490986,
                    0.7614308913153269,
                    0.5313571693207877
                ],
                [
                    0.0,
                    0.0,
                    0.0,
                    1.0
                ]
            ],
            "sharpness": 847.738497109297
        },
        {
            "file_path": "/home/varun/PycharmProjects/dataset_board/realsense_capture/color/000032.png",
            "transform_matrix": [
                [
                    0.20183085031612086,
                    -0.7531432641928362,
                    0.6261012456049577,
                    0.7482471930907552
                ],
                [
                    0.9793684010835969,
                    0.1604412254846892,
                    -0.12268883535887296,
                    -0.44956048625354833
                ],
                [
                    -0.008028829700758286,
                    0.6379478997858259,
                    0.7700165556013764,
                    0.5253354010476177
                ],
                [
                    0.0,
                    0.0,
                    0.0,
                    1.0
                ]
            ],
            "sharpness": 871.0570473113722
        },
        {
            "file_path": "/home/varun/PycharmProjects/dataset_board/realsense_capture/color/000033.png",
            "transform_matrix": [
                [
                    0.20925472896835035,
                    -0.752131666033335,
                    0.625459222035407,
                    0.7396922964289815
                ],
                [
                    0.9778363506775188,
                    0.15524914882310314,
                    -0.14102163842403617,
                    -0.46736493178817407
                ],
                [
                    0.008415966629454147,
                    0.6412278849399132,
                    0.7673043536180263,
                    0.5200279195267514
                ],
                [
                    0.0,
                    0.0,
                    0.0,
                    1.0
                ]
            ],
            "sharpness": 889.6359354886084
        },
        {
            "file_path": "/home/varun/PycharmProjects/dataset_board/realsense_capture/color/000034.png",
            "transform_matrix": [
                [
                    0.1892686608425799,
                    -0.7697596559668634,
                    0.6095946822265121,
                    0.7302513563523689
                ],
                [
                    0.9819079016923611,
                    0.14523016060672195,
                    -0.1214694131375588,
                    -0.45130845520877966
                ],
                [
                    0.004988463122180581,
                    0.6215625561877645,
                    0.7833275564541962,
                    0.5315196185274916
                ],
                [
                    0.0,
                    0.0,
                    0.0,
                    1.0
                ]
            ],
            "sharpness": 676.0065787658585
        },
        {
            "file_path": "/home/varun/PycharmProjects/dataset_board/realsense_capture/color/000035.png",
            "transform_matrix": [
                [
                    0.20625114348422288,
                    -0.7516080502323838,
                    0.6265323115707506,
                    0.7380445609087409
                ],
                [
                    0.9784065139653721,
                    0.14887797185653132,
                    -0.14588064102532308,
                    -0.4750755137265041
                ],
                [
                    0.018266771398070085,
                    0.642589050888482,
                    0.7659133838378759,
                    0.5207792007892967
                ],
                [
                    0.0,
                    0.0,
                    0.0,
                    1.0
                ]
            ],
            "sharpness": 937.1882537036364
        },
        {
            "file_path": "/home/varun/PycharmProjects/dataset_board/realsense_capture/color/000036.png",
            "transform_matrix": [
                [
                    0.24256335179683994,
                    -0.7461824591504124,
                    0.6140122108841659,
                    0.7290274143863272
                ],
                [
                    0.9701149355315788,
                    0.17720710601343156,
                    -0.16603696940084214,
                    -0.48709393761197006
                ],
                [
                    0.012796024393121153,
                    0.6379301643369069,
                    0.7700942184164313,
                    0.5241820890387714
                ],
                [
                    0.0,
                    0.0,
                    0.0,
                    1.0
                ]
            ],
            "sharpness": 897.6529036156927
        },
        {
            "file_path": "/home/varun/PycharmProjects/dataset_board/realsense_capture/color/000037.png",
            "transform_matrix": [
                [
                    0.3125925974215241,
                    -0.7402095873650947,
                    0.5953865239412803,
                    0.7175732310699166
                ],
                [
                    0.9494871884267045,
                    0.22932129738260554,
                    -0.21927550452762123,
                    -0.5229391696434056
                ],
                [
                    0.026278665908600674,
                    0.6339221006089374,
                    0.7729625554143709,
                    0.529076726600348
                ],
                [
                    0.0,
                    0.0,
                    0.0,
                    1.0
                ]
            ],
            "sharpness": 893.0496278118545
        },
        {
            "file_path": "/home/varun/PycharmProjects/dataset_board/realsense_capture/color/000038.png",
            "transform_matrix": [
                [
                    0.367059438479064,
                    -0.7214697490775368,
                    0.5891352338846839,
                    0.7090889561286625
                ],
                [
                    0.9294611474816379,
                    0.26066483102960886,
                    -0.2558237813999123,
                    -0.5611693384103159
                ],
                [
                    0.03070601683302999,
                    0.6415101301073127,
                    0.7665976898334893,
                    0.5196378809281353
                ],
                [
                    0.0,
                    0.0,
                    0.0,
                    1.0
                ]
            ],
            "sharpness": 912.1826909622571
        },
        {
            "file_path": "/home/varun/PycharmProjects/dataset_board/realsense_capture/color/000039.png",
            "transform_matrix": [
                [
                    0.3922291664036412,
                    -0.7178276292382251,
                    0.5757039827875204,
                    0.7125844466179552
                ],
                [
                    0.9192912273773755,
                    0.2812648206733326,
                    -0.27681381459529275,
                    -0.5821085358540529
                ],
                [
                    0.03720373729860432,
                    0.6370342185936256,
                    0.769720765811077,
                    0.5168130546610591
                ],
                [
                    0.0,
                    0.0,
                    0.0,
                    1.0
                ]
            ],
            "sharpness": 979.7723606497261
        },
        {
            "file_path": "/home/varun/PycharmProjects/dataset_board/realsense_capture/color/000040.png",
            "transform_matrix": [
                [
                    0.3759112376771798,
                    -0.7263994169781942,
                    0.5739810856517749,
                    0.7176722374561944
                ],
                [
                    0.9248635573013868,
                    0.2552963738070775,
                    -0.28155962149602914,
                    -0.5914918720758129
                ],
                [
                    0.058627453092934906,
                    0.6359938114065878,
                    0.7697174594332035,
                    0.5199628681098002
                ],
                [
                    0.0,
                    0.0,
                    0.0,
                    1.0
                ]
            ],
            "sharpness": 952.5657660511113
        },
        {
            "file_path": "/home/varun/PycharmProjects/dataset_board/realsense_capture/color/000041.png",
            "transform_matrix": [
                [
                    0.36487670310257186,
                    -0.7367595930602939,
                    0.569142491155131,
                    0.7138130978209452
                ],
                [
                    0.9283689277240947,
                    0.24188713199902,
                    -0.2814249805022466,
                    -0.589724050739497
                ],
                [
                    0.07068327644790916,
                    0.6316972599110887,
                    0.7719732058589839,
                    0.5235959751979516
                ],
                [
                    0.0,
                    0.0,
                    0.0,
                    1.0
                ]
            ],
            "sharpness": 1026.4967609259413
        },
        {
            "file_path": "/home/varun/PycharmProjects/dataset_board/realsense_capture/color/000042.png",
            "transform_matrix": [
                [
                    0.36845713089799814,
                    -0.7354276422654163,
                    0.5679955706408824,
                    0.7159337225465643
                ],
                [
                    0.9266395770750704,
                    0.2381462142231682,
                    -0.2941550921549325,
                    -0.5960046465830678
                ],
                [
                    0.08106240350897977,
                    0.634900825035153,
                    0.767479337493662,
                    0.5203284235741104
                ],
                [
                    0.0,
                    0.0,
                    0.0,
                    1.0
                ]
            ],
            "sharpness": 1035.344219404121
        },
        {
            "file_path": "/home/varun/PycharmProjects/dataset_board/realsense_capture/color/000043.png",
            "transform_matrix": [
                [
                    0.39859375482487225,
                    -0.7146192777321263,
                    0.5750507141683436,
                    0.7143789321540922
                ],
                [
                    0.9139155160362767,
                    0.2594530514176653,
                    -0.31364259606757605,
                    -0.6011564021985706
                ],
                [
                    0.074424335880855,
                    0.6516347258187849,
                    0.754906704579746,
                    0.5184145426346339
                ],
                [
                    0.0,
                    0.0,
